-0.031559598
0.057324573
-0.01774625
-0.0044525624
-0.06306607
-0.050560653
0.040336277
1.7359756e-05
-0.022709873
0.01514993
-0.04113267
-0.002408115
-0.0025846527
-0.02264764
-0.032718506
-0.018745212
0.0034551173
-0.023267487
-0.011933019
0.015107372
-0.0020984814
-0.058820296
-0.07071369
-0.0127313975
0.0065917466
-0.027367895
-0.062326774
-0.02559711
-0.009733192
-0.015861768
-0.033102863
0.015019652
-0.0072008194
-0.018544681
-0.00254266
0.008705811
-0.05670142
0.0018285305
-0.0048005115
0.026114475
-0.053096447
-0.037289657
0.04862994
-0.0071300757
0.037430793
-0.022424467
-0.03768824
-0.024296133
0.04030334
-0.057070125
